Type No	40AE mic, PRM426 preamp
Mic. Serial No	63617
PreAmp Serial No	0374
Microphone Manufacturer	G.R.A.S. / LD
Calibration Customer ID	
Calibration ID	ID002
Date & Time	9/28/2020 4:39:52 PM
Data file name	40AE mic, PRM426 preamp0374.txt
Operator	Mark
Barometric Pressure	867.00
Temperatur	23.10
Humidity	3.00

Pistonphone Sound Level [dB]	114																																																				
Pistonphone Frequency [Hz]	250.00
Sens. mV/Pa	45.73
Ideal Sens. mV/Pa	42.00-58.00
Sens. OK?	OK
Sens. dB ref. 1V/Pa	-26.80
Load Cond mV/Pa	45.73
Insert mV	0.00
Insert Ref mV	0.00

Write TEDS OK?	FAIL

Normalizing Frequency [Hz]	250.00
Magnitude Response OK?	OK
FREQ	Mag. Press.	Mag. Corr.	Ideal Mag.	Limit+	Limit-	OK?	
    1	-19.95	-19.95	0.00	30.00	-30.00	OK	
    2	-11.33	-11.33	0.00	30.00	-30.00	OK	
    3	-8.16	-8.16	0.00	30.00	-30.00	OK	
    4	-5.61	-5.61	0.00	30.00	-30.00	OK	
    5	-4.54	-4.54	0.00	30.00	-30.00	OK	
    6	-4.21	-4.21	0.00	30.00	-30.00	OK	
    7	-2.24	-2.24	0.00	30.00	-30.00	OK	
    8	-2.04	-2.04	0.00	30.00	-30.00	OK	
    9	-2.03	-2.03	0.00	30.00	-30.00	OK	
   10	-1.50	-1.50	0.00	30.00	-30.00	OK	
   11	-1.28	-1.28	0.00	30.00	-30.00	OK	
   12	-1.20	-1.20	0.00	30.00	-30.00	OK	
   14	-0.69	-0.69	0.00	30.00	-30.00	OK	
   16	-0.63	-0.63	0.00	30.00	-30.00	OK	
   18	-0.47	-0.47	0.00	30.00	-30.00	OK	
   20	-0.43	-0.43	0.00	30.00	-30.00	OK	
   22	-0.26	-0.26	0.00	2.00	-2.00	OK	
   25	-0.24	-0.24	0.00	1.00	-1.00	OK	
   28	-0.15	-0.15	0.00	1.00	-1.00	OK	
   31	-0.16	-0.16	0.00	1.00	-1.00	OK	
   35	-0.11	-0.11	0.00	1.00	-1.00	OK	
   40	-0.04	-0.04	0.00	1.00	-1.00	OK	
   45	0.00	0.00	0.00	1.00	-1.00	OK	
   50	-0.01	-0.01	0.00	1.00	-1.00	OK	
   56	0.01	0.01	0.00	1.00	-1.00	OK	
   63	-0.01	-0.01	0.00	1.00	-1.00	OK	
   71	0.06	0.06	0.00	1.00	-1.00	OK	
   80	0.04	0.04	0.00	1.00	-1.00	OK	
   89	0.00	0.00	0.00	1.00	-1.00	OK	
  100	0.01	0.01	0.00	1.00	-1.00	OK	
  112	0.03	0.03	0.00	1.00	-1.00	OK	
  125	0.01	0.01	0.00	1.00	-1.00	OK	
  140	0.03	0.03	0.00	1.00	-1.00	OK	
  160	0.01	0.01	0.00	1.00	-1.00	OK	
  180	0.02	0.02	0.00	1.00	-1.00	OK	
  200	0.02	0.02	0.00	1.00	-1.00	OK	
  224	-0.00	-0.00	0.00	1.00	-1.00	OK	
  250	0.00	0.00	0.00	1.00	-1.00	OK	
  280	0.02	0.02	0.00	1.00	-1.00	OK	
  315	0.01	0.01	0.00	1.00	-1.00	OK	
  355	0.00	0.00	0.00	1.00	-1.00	OK	
  400	-0.01	-0.01	0.00	1.00	-1.00	OK	
  450	-0.01	-0.01	0.00	1.00	-1.00	OK	
  500	-0.02	-0.02	0.00	1.00	-1.00	OK	
  560	-0.03	-0.01	-0.02	1.00	-1.00	OK	
  630	-0.09	-0.07	-0.03	1.00	-1.00	OK	
  710	-0.06	-0.01	-0.05	1.00	-1.00	OK	
  800	-0.07	0.01	-0.08	1.00	-1.00	OK	
  900	-0.10	0.02	-0.12	1.00	-1.00	OK	
 1000	-0.12	0.06	-0.18	1.00	-1.00	OK	
 1120	-0.15	0.09	-0.25	1.00	-1.00	OK	
 1250	-0.20	0.08	-0.28	1.00	-1.00	OK	
 1400	-0.25	0.07	-0.32	1.00	-1.00	OK	
 1600	-0.32	0.05	-0.37	1.00	-1.00	OK	
 1800	-0.39	0.04	-0.43	1.00	-1.00	OK	
 2000	-0.49	-0.03	-0.46	1.00	-1.00	OK	
 2240	-0.60	-0.08	-0.52	1.00	-1.00	OK	
 2500	-0.76	-0.19	-0.58	1.00	-1.00	OK	
 2800	-0.90	-0.20	-0.70	1.00	-1.00	OK	
 3150	-1.12	-0.30	-0.82	1.00	-1.00	OK	
 3550	-1.35	-0.42	-0.94	1.00	-1.00	OK	
 4000	-1.64	-0.54	-1.10	1.00	-1.00	OK	
 4500	-1.95	-0.61	-1.34	1.00	-1.00	OK	
 5000	-2.27	-0.69	-1.58	1.00	-1.00	OK	
 5600	-2.65	-0.76	-1.89	1.00	-1.00	OK	
 6300	-3.07	-0.82	-2.26	1.00	-1.00	OK	
 7100	-3.54	-0.83	-2.72	1.00	-1.00	OK	
 8000	-4.07	-0.80	-3.27	1.00	-1.00	OK	
 9000	-4.72	-0.73	-3.99	1.00	-1.00	OK	
10000	-5.21	-0.58	-4.63	1.00	-1.00	OK	
11200	-5.88	-0.35	-5.53	2.00	-2.00	OK	
12500	-6.48	-0.05	-6.42	2.00	-2.00	OK	
14000	-6.95	0.27	-7.22	2.00	-2.00	OK	
16000	-7.49	0.53	-8.02	2.00	-2.00	OK	
18000	-8.10	0.49	-8.59	2.00	-2.00	OK	
20000	-8.93	0.12	-9.05	2.00	-2.00	OK	
22400	-10.34	-10.34	0.00	30.00	-30.00	OK	
25000	-12.31	-12.31	0.00	30.00	-30.00	OK	
28000	-17.24	-17.24	0.00	30.00	-30.00	OK	
31500	-13.24	-13.24	0.00	30.00	-30.00	OK	
35500	-14.70	-14.70	0.00	30.00	-30.00	OK	
40000	-16.44	-16.44	0.00	30.00	-30.00	OK	
45000	-18.04	-18.04	0.00	30.00	-30.00	OK	
50000	-22.66	-22.66	0.00	30.00	-30.00	OK	
56000	-22.03	-22.03	0.00	50.00	-50.00	OK	
63000	-22.47	-22.47	0.00	50.00	-50.00	OK	
71000	-25.08	-25.08	0.00	50.00	-50.00	OK	
80000	-21.53	-21.53	0.00	50.00	-50.00	OK	
85000	-31.41	-31.41	0.00	50.00	-50.00	OK	
92000	-31.41	-31.41	0.00	50.00	-50.00	OK	

Additional rem				
Additional rem				
Additional rem				
